
761
63
901
503
543
250
863
274
297
682
29
67
691
431
97
458
326
604
920
280
571
275
322
988
185
68
684
3
333
925
705
699
110
578
884
559
962
430
878
614
904
419
776
271
243
177
125
92
434
638
991
481
584
994
410
558
992
745
930
95
138
184
851
600
815
418
755
374
305
104
176
251
36
859
459
352
195
224
501
332
133
999
869
885
546
844
101
293
16
335
306
131
61
953
272
788
979
76
226
146
448
692
401
217
551
81
262
609
452
364
319
340
894
214
163
860
141
572
310
136
796
84
783
666
602
397
463
172
39
65
658
24